MSE: 0.8128780161995884
MAE: 0.7752471957194418
R^2: 0.5777016501011327
