MSE: 2.2136972984855494
MAE: 1.202512821628588
R^2: -1.7257019955226598
